       1       2       3       4       5       6       7       8       9
      10      11      12      13      14      17      24      33      43
      50      63      76      86      98     109     121     130     139
     151     167     182     200     210     217     230     247     265
     286     308     329     349     368     390     412     434     454
     473     493     512     537     564     587     610     630     648
     669     691     714     735     757     779     800     820     843
     869     893     913     932     950     968     985    1006    1025
    1050    1071    1089    1107    1124    1141    1158    1178    1197
    1219    1240    1261    1283    1299    1319    1342    1363    1383
    1406    1426    1447    1468    1487    1508    1528    1547    1567
    1584    1605    1627    1649    1670    1692    1714    1734    1754
    1772    1790    1809    1829    1844    1859    1874    1890    1907
    1924    1942    1956    1970    1985    2001    2014    2028    2043
    2060    2077    2094    2113    2134    2156    2178    2197    2216
    2238    2257    2278    2297    2315    2330    2348    2367    2384
    2404    2418    2431    2446    2461    2477    2491    2506    2523
    2541    2562    2578    2596    2614    2634    2657    2678    2699
    2720    2736    2750    2765    2782    2799    2813    2827    2844
    2860    2874    2889    2903    2914    2926    2942    2956    2968
    2983    2997    3014    3031    3052    3069    3083    3099    3114
    3127    3142    3155    3166    3177    3192    3204    3220    3237
    3257    3272    3291    3307    3321    3337    3351    3367    3383
    3399    3417    3434    3451    3467    3484    3500    3517    3533
    3547    3560    3574    3586    3599    3613    3628    3642    3657
    3671    3683    3696    3707    3717    3729    3740    3750    3761
    3772    3784    3794    3803    3811    3819    3829    3842    3855
    3867    3879    3891    3903    3915    3927    3938    3948    3954
    3961    3967    3975    3982    3990    3998    4004    4008    4012
    4018    4026    4033    4039    4049    4059    4067    4072    4076
    4080    4084    4088    4092    4097    4100    4102    4104    4107
    4110    4113    4116    4118    4120    4123    4125    4127    4129
    4131    4134    4136    4138    4139    4140    4141    4142    4143
    4144    4145    4146    4147    4148    4149    4150    4151    4152
    4153    4154    4156    4158    4160    4165    4171    4180    4189
    4197    4202    4208    4218    4230    4241    4248    4255    4262
    4269    4277    4286    4295    4305    4315    4325    4334    4343
    4353    4362    4372    4383    4394    4405    4415    4425    4431
    4437    4443    4449    4455    4462    4467    4471    4475    4480
    4484    4487    4490    4493    4496    4498    4500    4502    4504
    45067200730072007300720073007200730072007300720073007200730072007300
720073007200730072007300720073007200730027302743281030437200730019501963
197023332690274327502803281028732881315372007300186020532171228323212373
249025132580263326602693271027832841311372007300180018731971199321412323
236024232430252325302703286130833100315332603303335172001800190319412013
202022632370255330113143316033133341720017201783182018731880199320102063
219122332300241329913113312032433250329348004834485048845450555472007300
170017831811185319501993216121932260241329913003301132533980402440504074
408041144550457454205514720073001690176318211963197020232111217323003101
324338203864391039543970413454805595720014901533173017531760178318111893
191020032021205320902103229032013820399440604094549055355594720013801403
152016031640168317401833184018531860199320612103220022633181384040245610
570272001580161316501703176018031810182318501893190019832041208321503171
388039844020406456005674720073001340140316801723184018831890198320312043
220031813880397440204094720073001210128315001513185019631970199320212180
321132203241389039545640570472001190123312401283141014331680174317701863
189119832041220031613230324349304962498456205744720073001150122312801353
141014431520155315601583160016511700180322202281229023312350314131733920
394448204842488049424974553057845865720012201243126013831420149315501623
165116901713176018131910198124303131321347804902545056545875634064056420
644564506495720012501323133014231430148315101533159016411680173317501873
201124403121319332003223323032534740477448425370553458756340644564506495
654066057200730013201393170017331790186320012460312132134720476448025340
547458456360638572007300111012241240126424803121321347104774534054245805
720073001120128415801663169017931840190419501983199020312490312131934680
475453005364577558105845642064657200730011101324144014741480150315901643
169017731820188419101983199020612490306131934680473450005025522053045745
577059756070617564506475720073001100123412401324133013731400142314401494
155016531690172318101874189019832040207125003051314346604724498050555100
511552205264618564206435720073001090121412301314143314501504157016731700
172318001884189019831990201320202101250025433051310331213163465047144970
505551005115516052155250574558646185640064956540658572001120119412301294
143314501514160016631690172218101884189319001923197420532101249025232540
257331514630471449705045507051155130524552705655591460156134617562406255
6390659572007300  450460 48511301154126014131514168017031742184019331994
206321812540258330913110316146704724494050555070513551505265528056055714
5733574458236114619562406645717072057300 4000565125013131340137315241670
170317421810195320242103222125302543258026133041305030913120316140804205
46804744494050555090524552805535566458636074680572007300 380063510401055
136015841670171317721870198319902034204021432251251026033051306031414040
4106420547704794495050555080525552705405566458836064680572007300 3400765
 96010751100111511401173126015841640165216901723176218901923200020132070
214222512510256325903141396040864255479048654940505550705385565458836054
680569606985701071357200 3400835 910113512331330147414801574162016821710
178218101823189019732060207320902182226125802603310139404066429545704606
48104905497050555080538556845853603469757020718572007300  25028011551313
133014141460149316401692173017721803181018431890197321102192224125802603
308139004066430543544570459646604686476047954810488549544980507550905135
5160540560347205  550280116513031430152316301683171018431890196320702103
214021722214226125402593300139004206433543444355438444804536461047164905
49445065509054056024711571947205  85031011851423144018431870196319742060
210321502234232125302603296139003996404543064375442444804516457047564835
4896490549445065509053856024707571947205 1050320 98511461195144314501673
169018531974206020932150225423212520260329313890399640854106413543464385
44244480451645604896494450455080538556245635601470257204  840105 1200174
 36007151176123718231964214022442371253026132921387039063935398641554266
4290437643854424449048864924500550705325538656245685601469657204  240030
 1940290 3250370 6451116125714341463153417831884191019242120224422802361
253025932891314031653270329838603976407542864340439644304476449046664747
483648844976530553965624579560146945707471057204  140030 1940250 5651156
121712361247163417531814182018741880190421202244230023512540259328313120
317531903255329833073316385038753946400540464080430644104547460647974874
511652755406543556345825600468957054712572047300  150080 164027011461177
119612071246162417631864188019242050226423102331256026032801316032553288
329733263840386539263985403641104296440044484787484454065465567458255994
6895702472057300 1100154 2800366 380125616041743185418801964204022942560
261327913150325532683317333638303916397540264090412543064330437644104426
44584777478648345416550557445845594468656994718572007300 380126615841713
184418801974205020742140230425702603279131603248330538003916397540364080
411543264360444644584767478648145426556557745845594468356964717572007300
 38012761564169318041860192419601994215023142570260327913190324737903906
396540064060411543864448476747864804544656055824585559446815695471857200
 35012861554167317941890191420402053217022442260230425802613277137503795
389639053976403041254176419743964438476747764804483648875466564558345885
592467856924705671957200 30012961384140716241653177419301963221022742290
230425902613276137303775388639053956402041454176419742964317438644184767
47764804498750065097547657055814589559246755682471967200 290130613271364
138717441930194320002013204021432240228426002623275137003775386639053946
402041454176420742964327440847674776480450075276538754965785580459055934
674567646865688071267200 28012961367173420002013204021632610263327613700
377538663945403041454156417742964327440847674776480454075556572557565795
583464356504670567246755679068656880707672007300 2900586 600127613271356
172420502173263026432751370037553876394540304145415641774206424743164337
439847774786480453975405544455765715592664556524663567146735680068356880
70567200 2900566 5800636 68013561714204022132640265326702741370037353856
386538963955403042054216426743164378477747864804538754055444558656955986
6455657466056714681068256860703672007300 2700286 3100556 5700636 7001366
171420502213230023142700274137003866397540504095418042264257427643684777
4805538754155464558656956016643566946840691669306946700070167200 3600546
 5700606 800136617142050211321822213229023243720376637953876397541704286
435847674805539754255474558656955886594459966405646465956600668568206876
72007300 3600526 8401376140414671714203020932182222322902334372037563805
386638873895390739654070428643484767481554075435548455865695586659545976
628563136395643464656520653566306705680068667200 3600376 4100536 8501026
106713761664174520302093218222332270228323443710379538203856388738953907
395540704146416742864328476748155407545554945586566558465954600560636125
61636225639364246445679068567200       0 4500526 5400566 870105612171386
162417452050210321922303235435003545373037753830388638973935404040564090
415641674276432847774815482748355417546555045826592459435965638364046425
6770684672007300 4400496 5200556 880106613071396155415671604175520602143
218223132364348035253840388639353960397540904276432847774835542754755806
59046383640464256740686672007300 4300476 5100546 89010861417155415671594
175520702313236434803565379038173840389639354030406640904276432847874845
5437546554875786587463536394674068667200 4200456 91010961427146515541567
159417351836207023132374348035353556377038073850389639354020426643284787
4845548757665854632363746720686672007300 3900436 93011161437152517141856
207023132374348035153536354837603817385038963925402040774266433847874845
5487576658746113616462336364671068667200 3600406 93011361447159517541806
181418762060231323943500356837603807386038864020408742564338479748355477
54945766586460936344671068467200 3400366 9601146147716551824193620402313
239424002414345034683470348835003578377037974020408742564358478748355467
54865504554655745766578458075864606363246710684672007300 3100336 9901146
152717151834196620102313245434303455349835303588377038073950397740004097
4266440847474835546754965584574657845807586460536314671068467200 9400966
 99011561627178518441956202023132344245334003415342034983540359837803827
384038773920412741964217424642874418473748355387541654675506560457465774
579758546023624463366380640664506467672068067200 2600276 9400966 9901216
164718351874196620202473340034883540360837704157419643274408473748355387
541654675516561457265764579758546003620463666370641664506467672068067200
102012261657187519171966197019862020248334103488352036183710472748355377
542654575516563457265744578758845983632464166437644064676720680672007300
103012161244165718751977203024632485341034883520354535983619363837003717
372047274835537754865644571657345760632463966427644064776720677672007300
104012261284166718751987203024432485340034783520353535983619363836904727
483553675436566457065714573763246376643764406467673067767200730010501226
127412861677186519972020242324753400343835003545360836293680415741654737
484553575396569457276314636664276440647767306766720073001050122612741306
167718752027206524132435246024853520363836603747377641474185474748455347
537661246175630463566417644064776730674672007300104010571070121612741306
167718752027209521432155220324252460248535003578363037073746385738854147
419547574835532753665494551560946195630463466417644064777200730010401097
110013061687194519672105213321552193227523602385245024753630368737763857
387541474195476748255307535654745555607462056294633664176440648772007300
107011071110116611771306168721052123215521832265232023452440248536103697
372637373766385738753897393541674215476748155317534654645565597460166054
621562846316641764406487720073001090111711401177130613171326168717051727
210521232155218322452340236524302535357038573945418742054247426547774815
532753465474557559646016605462256274629664176440649772001100117713361687
177518061845187721152123215521732225224023152430252535303545357036053867
393541974225423742754777480553275356547455855944600660446225626464176440
646772001110112711501187134616771725181618872115212321552173222522202315
242025152534351036153887392542374255426742854307432553475376548455955934
600660346075611762456407644064577200730011101207135616871755179619072155
219323052410251525443530359543074315539754745605575457955924600660346065
612762256397644064577200112011971346167717251776183718461917215521732305
249025042520254435603595378739165097513951775189541754745615573458255894
596759966024606561276215638764406467720011201187128613151346167717151786
180718561917230523102325238023952530254435603605368737053767391643274360
458746705097513951775189543754845625569458356007605561376205637764406477
720073001120118712861315134616871926194723152330235523702405358035953637
370537473876421742404307437045774680480748205077510954675494580559976045
614761756197622563676440645772001120116712961315133613871415168718661957
197619972345237023953580362737053737376637754207426043074350455746904777
482050775089560757755997603561876225635772007300112011671226123712561267
128613051336138714151727185620072295232023853580363737053737376638573870
389739164197426045474630477748305077508956375735598760256177622563476430
64577200       011201167128613051346138714161457146517271756176718462097
226522902345358036373705373737663857390039364167418642704307435045374600
476748306147633564406467720073001120120712361267128613151356136714161727
173617771846208720982225228023153580363736853737376637773790385739103946
416741764380440744464557461047774820613763256440647772001120116711761227
125612671286132513761407143617871836208721082135214822052280229535803647
368537473810386739203966416741764390447645574620477748106127631564306517
720073001110116711861197125612671286132513561797181620272118212521482195
342034353667381038873940401641674410442745564620516753066107629564106427
643065177200730011101167125612671306132513661417142514871495152715482027
213821953420345535773586360736463667378037953820388739604076409741664430
445745664650511754066107623564006487720011101157132613471356149715051517
154820172128219534303455357736063667377037953840389739804166443044674566
465050375136516953765407541660976215640064176450647772001120115712361267
130614671485149715051558198721182195343034653657378037953850392739904166
425043164430448645374576465046674680502752566087620564006427720011201167
121612771286134713601457148514971505155819472088209521082145343034653637
387039373990418642304346442045064557457645874700500751966067619564106437
720073001120116712061487150515681937207821353430347536173770378737953890
396739904086412045264577458645974660500751666027604061956400643772007300
112011671206146714751487150515681667167618171848192720382115212634303485
351735263617377037973900393739603977399040864120453645974660500751466017
604061756400644772007300112011671178119614871505156816671676168716961797
186819172018209521163420348535263607365036773770379739203937400040664120
454645974670496751165997603060656100615564006447720073001130116711781206
146714951568165716961797200820752080211634203437346534963607377037973920
394740104066412045664587467049575026509551065377540559876030605561106155
640064477200730011301167118812161467148614971515156816571686174717761807
200820652076208021063420344735263607392039374020408641404576458746804947
501651255347542559576100616563906437720011401167118812161225145714861497
151515581647168617371796200820552076208021063430344735363597392039374030
409641304586468047174786494750065155531754255967610061756390642772007300
115011671188121612451447147614971505153816171686173718062008205520763430
345735263597385039174020408641404386447745864680469748165007519552975435
598760106027613061856380642772001150117711981206125514571486162716761737
180619882004205520763430349635773780380738703907403040764150434644874616
468048265007545559876000605761406195636064277200116011871208126514771486
163716761737180619481965200420452086348035673650382738903907404040664160
42164240429643204507483649975495603761306195633064177200       011601197
122812651477148616371666174717961928194520042045208634803507361038174190
420642504286432045174846496749865545601761306165619763206427720011701197
123812651637166617771786191819252004203520863480350735803607382743204527
474647574846492749865225540755656007613061556197632064277200730011901207
124812651647166617771908191520042015207634803827407041274260428643204527
465647874846488749965205548755855997613061456187625063976400641772007300
119012171248126516171636165716661767189819152004206634803817425042764320
453746564797484648774996501550475205552755855997613061576240629763006337
634063777200730012101617166617571888190519942046347038074320453746564807
484648674966509752055547560560176220625762806297630063377200730012301407
146616071656173718781905198420263460382743104547467648074836485749565107
520560176210622662506297631063277200730012501267128513871466160716461727
186818951964201634303507351638374300455746864807483651175215602761906246
625062777200730012601285139714561607162616971878194420063420349735263887
402040574300456746964807483651175235545755355877588660276200624672007300
126012951417142614371456160716261687184818961924198634203487352639074000
406743004577470648074836512752455467555558675886603762106236720012701305
131016071616168718281976341034773526391740004107429045874706474747664817
483651375275541755655867589659275936603762106236720073001270130513301417
142616071616167718181976340034473506393740004157420042474280460747164737
477648174836514753155397558558675956603762106226720073001280131613401417
143616271645166718181976340034173486397740004617477648174836515755855637
565558675966603772007300128013161340140714461657181818261880197634103476
462747864817483651675575558755955647565558575976601760206037720012901326
135014071466163717281740181819301976340034173456429743154567461048465177
557555975615564756555847597660477200730013001336136014071476160717081780
180819401986339034173436429743154567461048465207558555975615563756455827
592659375976603772007300131013461360141714761607169819401986338042674315
457746204846521755755607564558075926593759866037720073001320134613701417
147616071668194019963260327733704247425542774315457746204866524755755617
564557875986603772007300131013561390142714861607165819401996334042474265
427743104325442744354587464048765327549555375575561756455777598660177200
131013661390143714861617165819501996333035073535424742654287431043454417
444545974650473648074886540754755557558556175645577759766017720013401376
141014371486161716581960200633303477353542574275428743204355440744554607
467047264740482748765557558556275655576759865997720073001350137614101447
149616171658196020063310339735354267428542974330436544174465460747405087
510551675185555755855627564557675986599772007300136013861410144715061627
166819701996331033673545370737354267428542974340438544174475460746204637
472047374750507751155157519555575575562756455767599672001360138614301457
150616271658198019963310335734853537355536973745427742954307434043754417
448546374700473748104877493050575105515751765225552755755627564557675986
720073001360139614401467150616371648203020463300335734753667378542774295
430743404395441744954637469047374940504750955176519552675296530753465517
556555875596562756555767597660206047720013701396145014771516163716483290
333734653657378539173925427743054317435043954407450546374690474749505057
510551965277535655175525553755655587561656275655576759666010604772007300
139014161460147715261657328032973455361737753907392542774315437043954417
451547574960505750955226527753565537556555775616562756555757594660006037
720073001400141614701487154616573280336533873445362737753907392542774315
437043854417451547874970506750955226527753465537555555975616562756555757
593660006037720014801497155616571920201732703287335533873425362737753907
396542674315432743804395441745154797501050265077510552265277534654175430
552755355597561656775705575758966000602772007300149015561647191019371960
203732703287335536373785391739854267431543374380439544274505480749805036
506752665287533654175440559756165687572557575866720073001490160616572000
205732603287334536473735374737853927394539563975398642174235425743354347
438045054797499050465050527652975336539754405597561656875725577757805846
720073001490161616571790186720302077326032873345364737253757378539373986
421742354257434543804505478750005046505053365347544055975606568757155757
5790581672007300 4700487149016361667179018672040209732703297334536373725
392739964207434543904495477750105026505053265347545055975606569757055737
579058167200730014901656167717901857205021173280330733453627371539273996
4207434544004485476750505316533754605537554655975606573772007300 4800507
149016561677179018572140219732703307334536173675376737853977398642174355
4420448547575050517652075316547055375546559756065727578058257200 4800507
150015961607163616471656168717801857214022173270330733453607367537673785
422743554420448547575050518652075306547055375546556755865717577058157200
152015371576169717701857215022373280332733453617368537673795423743554430
448547575060519652275296548055375546556755965727577058157200730015301557
156617171720184720302067211021972260228732803327334536173685376737954157
416542374375443044954737506051965237528654905547555655675596572760106047
720073001560184732803617366537673785415741954277438544404505472750605226
523752765490554755565567559657376010604772007300158018373280332733453617
364537673785415741854287438544504505470750605226525754905557559657476010
605772001600183732703327335540174025415741954287438544504475448645154677
506052265257549055475550556755965727574657576010605772001630170717101837
327033373355401740354157418542874385446044754506465750705216523754805527
555055675596572757666010604772001660168717301927327033373345359736154017
408541674185419742054277439544604506464750705206521755505577559657175776
600060377200730017401937326033473355357736154007410541674215427744054460
449645154637508052065560557755965717578660006037720073001750194732503347
335535773615400741154157425542774425446044964535459750805206556055775586
569757866000601760206037720073001760193732603276334733653557362540074125
415742554277431543474435446044754506454545875090520655605577558657075786
601060376050606772007300180019373270329633373365355736254007413541574275
429743054347435644354446447045064515455750905206557055865717578660206037
604060576060607772007300182018471850193732703336337535473625400741354157
421542374245425742754297430543374366439544164425445644704506451750905216
557055965607562057175786601060376070608772007300185019373260332633853547
363537273775398741454167422542674285429743054327446644804495510052065570
559656075620571757866020603772001860193721602177327033163355341634473455
353736353647365537173775397741454167424542674305432744765100520655705596
560756505717578660906117720073001870193721502177329033453396346534963527
362536373655369737953977411541674245426743154466461046275110520655705596
560756605717578661006117720073001880192721202167219022373290332633353366
347535163605362736653697380538473865399741154167424542774315447645704627
512052065570559756605727577660406067609061177200188019372090212721452247
232023672370238733003366359536063627367536873805383738854067411541774245
428743254456447544864510462751205206557055975670573757666040605760606087
609061077200730018801947209021272135214721562167217022872310235723702387
331033463575362638153847388540674125418742454287433544564485449645254627
512051965570558756905737606060877200730018901907191019472090214721562167
218023773320334635653626369537263805384739054067413542074255429743164335
445644854517454546275130518655705587570057376050606760806097720019201957
200020472080213721562167217021972206238733303555361637053736379538573895
404740554077415542274235427743164325443646275130518652005226557055975700
572761106127720019302017202020572070213721562187220624073340355536163705
374637853876388540474165428744264617513051665200522655705607610061277200
194020072040214721862417334035553616370538163855387639054027417542874416
460751405166520052365570561760606137720019702007203021172126214721762327
241524273350355536163745380639354007418542874416460751905236558056176040
607760806137720019801997204021072126213721662277242524373360356536063655
369637353776419542974416459752005246559056176040605760806107611661206137
720073002050207720862097212621372166226723052406243524473370357536063645
376642054297441644474505459752005246560056375930595760806107611672007300
205020772156225722952416243524573390362536463690376642154297441644474485
458752005236560056575930595760806116720020502077215622572285238623952426
243525273400361537003776392539364225429743864405444744854587561056675920
597772002050207721562247228523862405242624452547341035953710375639053926
393539464235429743464355438644054437449545775510552756105677591059877200
205020772146224722952336244524572555256734303475371037663905394642454267
429543364405443745054567551055675610567758905977720073002050207721262247
229523162565257737803925394642854326433744154437447544974515456755205577
561056775880596772007300205020772126224723052326257525873790393539564005
402640454066428543264337435644054447446545575530558756205677587059577200
205020772116223723152326258538003935395639753996400540664295432643374376
440545475550559756305677586059577200730020402067211621572165221725853800
393540864315438644054537555056175630568758305957720073002030205721062147
215522172585259738003935409643254336434543964405452755605617564056875830
596772002020205720962137215522172585260737903925409642154237425542674275
428743254336437545075580563756605697579058075820596761506167720020202047
208621272135221725852607379039354106421542274265428743254336438544875580
565757805977609061076150617772002000203720762167218522172585260737903915
410643254346438544775580566757805967600060976150617772002000203720662157
217522072585259737903806389541164265428743054316432543764385446755905677
578059576000601761506167720073001990202720662197232523472585263737903806
388541164245430743464385445756005616567757805807582659576000601772007300
199020272066219723152367256526372640266737803816388541264235428743054346
438544475610562656775790580758865957599060176050607662406287720019802027
205622172295236724652487254526973780380638854126424542874305434643854447
561056265697580058375856594759906017602060566220628772001980202720562377
244525072525266726952717378038063885412642354277432543364385443756205636
564756865697571057275800583758465937599060176046609061076240628763506377
720073001980201720462387242526672685271737903806388541264235427743254336
439544275620567657075720573758005827583659375980601760466330639772007300
200020462677268527673800388541264135415642954326440756305666573758005937
598060176020604662506307632064377200730020002046256725952817282538103875
414643054366439544075640568657275840586758705927598060176020603760566120
614761606227625064577200198020072046254726152797283538203875415641854197
426543064385440756505706572758905937599060176020605761306147626064977200
198020072046251726252797284538303885415641854197427542964385439756505716
572759906017603060676290650772001980200720562497263527872845285738403905
416641854197427542864385567057165727599060176030604760506067631065176630
665672001980201720562457263527872845289738403905417641854207438556805726
599060176050606763606527662066467200730019802017205624372645278728452907
384039054186419542074375438763606547657065866607663672001990201720662467
264527872895290738503905420643754387572057576370644764666567670067267200
200020172076247726352797289529073850390540464055406640974186421743754397
571057775810584763706447646665676710672672007300201020762477263527772795
282729053860391540464075410741964217436543975730586763806447646665577200
201020862487253525472635277727952827290538603915403640754107421642274335
434743654397575057675770589761206136636064876500655772002020208623772415
249725352547261526272635276729053870391540474095411742164227433543474375
439758105897609061066360638764006477653065777200203020962277229523172425
250725352557260526172635275728352867290538703925404740954117417641874226
432543674385439759205986600060466100614764106477653065777200730020302106
226724352527253525472595261726352747282528372895386039254047408541074176
422743254367438543976080611765406597720020402106227724852517252525472595
261726352737282528372885386039354047408541074186422742854297432543674385
440759806006601760706107655066076800681672007300204021062307240524172505
260726352717282528372865288738703945405740854107418642274285429743254367
438544176070608765806607661672002040211623072375242725052607263527172825
283728552867388039454057408541074186422742854297431543674385441772007300
205021262307233523472375242724952617266527272825284728552867388039454077
408541074186422742854297431543674395441764406466720073002050213623072335
242724452457250526172675272728252857387039454117418642274285432743954417
625062756440646672007300206021562317236524272445246725152617267527272755
279628252847387039454087418642174285431744054417622062356240632564306457
646672002070217623372365241724552467252526072675273727452796282528473860
395541074186420742854307440544174570459762106335644064576476720020702196
235724052467248525072535260726752737276527962825385039554117415642854307
440544174570460562006225623663256430645764767200207022162357236523972405
247724852507256525972665274727652796282538503945411741564285430744054417
455045774605620062256246632564306457647672007300207022262357236523872415
252725852597266527472775279628253840394541174146440544174550456746056120
615561906235627663256430645764867200730020802236234723752387243525372565
259726652747277527862825384039654127416644054417454045674605611061656190
624562766315643064576506720073002090218622042217224623372405241724452587
267527472825384039654127416644154540456746156100624562676276632564306457
651669306946720021102166220422272256233724052417244525672665274728253840
390539173965411741664205422744154520456746156090624562776335643064676506
720073002130217622242237226623372405241724252567266527472825383039054137
414641854307440544904567460560906245629763556430646765167180720621502186
221422762347240525772675274728253830390541274155416742854317439544904557
459560506067607062356307636563776420646765167170720673002170219622242286
236724152597267527472825383039054117414541674285431743654480453745956040
608762356317637563876420646765267200730021802206223422962397241526172675
273728253830390541774285435744804527459560406097622563276375645765267140
717672002190221622442316262726352647267527372815383039054187429543474480
451745956040612762156337638564676526720021902226224422562267233626572675
273728153840390541974295433744804517458560306127621562676295633763956467
653672002190233626672685273728153850396541774285431744904527458560306137
621562776295634764056467654672002190233626772695271727252737280538603965
416742754307449045274585602061676215628763056347640564776556720021902346
266726952707280538603965413742654297449045274575598060356177620562876315
636764156477648665076566657772002190226622742336266726852697279538703975
414742254307448045274575593060356177619562976315636764156567658668906907
720073002200225622842336266727853870397541574225430744704527457559206055
616761856267628563776435657765866597690069177200220022462284233626672785
388039954157420543174470452745655900591760656167618562476275628762956377
642565976910693772007300220022462274233626672775389039954157421543174460
452745655870591760656167619562176275628763056597693069477200730021902246
227423262667276538903985414741954317447045274565587059076085616761956277
633566277200730021902246227423262667271538903965416741954217422543174470
452745555870590760856147618562576315662772007300219022462274231626572705
389039163955415742254317447045174555587059076085614761656627720021902236
227423162637267538903956413742254317447045074555587059176085664772007300
219022362274230626172655389039664117422543074480450745455870591760856167
617566176626665772007300219022262274230626072645390039664107422542774490
452758805927609561776205660766366667720021802226226422962617263539003966
409742254267588059376095614762756607664666677200218022162254229626172635
390039664077418542174235426758805937610561476275660766466667720021802216
225422962627263539003966407741554217423542675870592760956167627566076656
666772002180221622442296262726353900399640574135421742354267588059276085
620762156257626566076656666772002180221622342296262726353910395639754006
405741154257588059276085660766466677720021702216223422962627263539203975
401640954257589059276095660766466677720021702216222422962627262539304085
424758905927610566076646667772002170220622242296261739404065423759005927
610566076646667772007300217022062224226623272335260739403975401740554227
590059376095660766466677720073002170220622142256231723352587259526073940
397540174055422759005937609563176325637764056617664666677200730021702206
221422562317232525172535255725753950398542175900593760956317633563776395
652765366617663666677200217022062224224622972325250725552567395039854207
591059376095637764256507653666276636666772007300217022062224224622972325
252725452567396039753986419759105937609561876240636764256497654666677200
217022062224223623072325252725352567396039753996418759205937609561576280
636764156507654666577200217022062224223623072325251725252557396039964177
591059376085610762906367641565076596664772007300217022362297231524672515
254739603996416759105927608562906337635563606377640565276606663772007300
216021772226244725252537397040364047410641475900592760856300632763456360
637763956517660666277200216021772226243724402525253739704116590059275995
631063276335635063776395652766066627720021602177222624472470251539904016
592059756310632763506367637063856527661666277200215021872204221624576370
638565276616706070877200215021872204221624576340635663806527661670707097
720073002140218722042216245763906477660670807097720073002140215721662187
220422162467640064676606709071077110712772007300213021472166218721942216
246764006457660670907127720073002130214721562187219624576410644765967100
712771357150717772007300213021472156217721962447643064476496650065667090
712771457177720021302147215621772196241770907127713571677200730021302177
219623677080709671477200213021672206236770907147720073002130216721752197
220622272275235771007137720073002120215721752197220622152227224522572265
235770407065710071377200212021572175225722952307649065767040706570877100
712772002150217522872295230765006576703070557087720073002120213721502175
221722552277229523172320233765106526653565667030704570877200730021202137
214021652217226522772285230723202337651065266535656670207035707772007300
211021272140216522372255226722952307652065356546700070257067720021402165
226722752307698070057067720073002140216523076960697570377200730021402165
229769506975703772007300211021372165226769306975702772002100213721552257
693069557027720021002117215522576930695570177200210021172125214421552267
697069977200730021102125214421552287720021102155228772002090215522877200
209021252144215522677200209021252144215522577200209021252144215522577200
209021252144215522377200210021452227720021002145222772002100213522272400
244772002100214522377200211021552237720021202165223772002130218522477200
214022052267286028777200217022352297720022002265720073007200730072007300
720073007200730072007300720073007200730072007300720073007200730072007300
720073007200730072007300720073007200730024102433720073002380246372007300
235024237200730023202413551055435680569363006313720073002310241355105573
559056335640570362906313720073002290240346204723523052635310537355005713
581058836020603362006323720073002290239346104743525053835400560356425773
578059436020615362006413720073002220224322502393457047835240550357725823
591262236422652372007300222023934500492352305363645265337200730022602393
445050035180532363526371649265737200730022602393426042834410474349025073
516052535492557156825721631263916532670372007300216022032230239335803603
420042434260431343904593491251035140521355025801624264016552678372007300
208022132230239335703603386039634180435343804503491251735362589161626461
658268137200730021102393353044334902514353325971607264616632682372007300
211023933400438349125113529264616712685368906933720073002090239333604243
470247914912509352726481679269737200730020902403335039834632481149025053
525264916852701372007300155016932130240332803703458248114902504352426501
688270037200730015401873203020832150240332203643453247914892503352326531
688270037200730010901123154024133210349335823623448247914872501352226601
686269737200730010701193156017431932222322822383320034434412479148524993
522266516852695372007300 96014031450149315601693228223933150339343324791
48524973522266716842693372007300 830142314501533157016432262237331203363
4192479148724963523266816832689372007300 7201163138216132242240331003323
3622477149024953525266816812686372007300 6800933100210931742187122222453
3070327335924781527266816802686372007300 6200663 68008831642184121822313
234424733040322335724791529266816772686372007300 58008131432182121322273
234425332990320335624801533266816752686372007300 43007231302180121122253
23342603294031633562480153526661674268636920694472007300 410066311621801
209222332324260326102653290031633552481153826651672268836920710472007300
 3400494 603116217512082221323442423257426832884316335524821538266016692
6903718472007300 3240353 44406031152170120722153220422632534265328843193
35624831536265416662681372047300 3240393 5040623114216712082216325242663
2864322335724861530264716632683372047300 3640413 54406331142164121022203
242427332864324335824921514264116602680372047300 61406631172166121423233
360263616562681372047300 62406831222172122123203362263216512681372047300
 50407231222170125723143364262516442681372047300 51407431222170125923063
365262216352683372047300 50407531512170125823053366261616342686372047300
 5040763153216812592286329823033365261116322692372047300 504077315121701
362261016322698372047300 5140773148217513602609163427203 504076313321751
3592609164027203  230324 7231162199135826081641272037300 683102213513572
6061646272037300 61335726091650272037300 60335726091658272037300 5433582
6101661272037300 43335926101705272037300 2033602610172023612610172027300
362261017202730036226101720273003612610172027300
