Year	Month	Day	Hour	Minute	Second	Stroke Latitude	Stroke Longitude	Receiver Latitude	Receiver Longitude
2009	10	30	0	0	0.059562	12.451	-87.2920	28.45915	-80.54182
2009	10	30	0	0	0.340180	4.9831	-68.5303	42.36040	-71.0894
2009	10	30	0	0	0.392655	36.8194	-92.4895	-17.5767	-149.609
2009	10	30	0	0	0.306192	36.492	-92.8766	-12.0420	-75.3214
2009	10	30	0	0	0.483095	5.6807	-74.3389	-23.2075	-45.8595
2009	10	30	0	0	0.107571	5.74	-74.2970	18.20958	-67.13952
2009	10	30	0	0	0.128553	5.7057	-74.2634	18.20958	-67.13952
2009	10	30	0	0	0.279574	5.6809	-74.3315	-12.0420	-75.3214
2009	10	30	0	0	1.308562	12.3836	-87.1913	28.45915	-80.54182
2009	10	30	0	0	1.374537	32.4047	31.98970	36.04973	103.85832
2009	10	30	0	0	1.653214	32.4743	32.03540	62.017183	129.70471
2009	10	30	0	0	2.090066	-7.9096	15.68490	36.04973	103.85832
2009	10	30	0	0	2.397813	34.3805	31.15900	-29.8711	30.9764
2009	10	30	0	0	2.804549	-22.617	27.58950	-34.4249	19.22355
2009	10	30	0	0	3.164375	40.2979	113.2361	-17.5767	-149.609
2009	10	30	0	0	3.599078	7.521	-76.7780	42.36040	-71.0894
2009	10	30	0	0	3.888740	-5.4124	-58.6246	18.20958	-67.13952
2009	10	30	0	0	4.164531	31.0164	-94.8506	19.32619	-99.17635
2009	10	30	0	0	4.185846	31.1616	-94.7632	19.32619	-99.17635
2009	10	30	0	0	4.675163	11.3413	73.33800	-29.8711	30.9764
2009	10	30	0	0	4.980829	5.1523	-68.5683	-7.95005	-14.37815
2009	10	30	0	0	4.600898	34.112	-92.6443	19.32619	-99.17635
2009	10	30	0	0	5.164032	5.086	-68.5627	-23.2075	-45.8595
2009	10	30	0	0	6.392480	32.3526	-93.8631	19.32619	-99.17635
2009	10	30	0	0	6.531021	-0.2942	104.6589	-27.5534	153.0521